NumSteps = 8;
nr_environments = 11;
nr_regions = 32;
nr_obstacles = 0;
max_lines_obstacles = 0;
NumCars = 3;
max_solution_time = 600;
relative_mip_gap_tolerance = 0.1000000015;
mipdisplay = 2;
mipemphasis = 0;
relobjdif = 0.8999999762;
cutpass = 0;
probe = 0;
repairtries = 0;
rinsheur = 0;
varsel = 0;
mircuts = 0;
parallelmode = -1;
ts = 0.5;
min_vel_x_y = -20.0000019073;
max_vel_x_y = 20.0000019073;
total_min_acc = -4.2352867126;
total_max_acc = 4.2352867126;
total_min_jerk = -3.2722082138;
total_max_jerk = 3.2722082138;
agent_safety_distance = [0 0 0 0 0 0 0 0];
agent_safety_distance_slack = [1 1 1 1 1 1 1 1];
maximum_slack = 1;
WEIGHTS_POS_X = [1.6650000215 1.6674999893 1.6674999893];
WEIGHTS_VEL_X = [0 0 0];
WEIGHTS_ACC_X = [0 0 0];
WEIGHTS_POS_Y = [1.6650000215 1.6674999893 1.6674999893];
WEIGHTS_VEL_Y = [0 0 0];
WEIGHTS_ACC_Y = [0 0 0];
WEIGHTS_JERK_X = [0.1665000021 0.1667499989 0.1667499989];
WEIGHTS_JERK_Y = [0.1665000021 0.1667499989 0.1667499989];
WEIGHTS_SLACK = 1;
WEIGHTS_SLACK_OBSTACLE = 2000;
WheelBase = [2.7000000477 2.7000000477 2.7000000477];
CollisionRadius = [0.8999999762 0.8999999762 0.8999999762];
IntitialState = [[-118.8659896851 2.7745697498 0.0551480092 -289.0243225098
             4.2406945229 0.084289059]
             [-107.7979278564 -2.4261572361 -0.1819043756 -262.8705444336 -4.2329969406
             -0.3173745871]
             [-105.1333694458 -4.2029027939 0.0938522816 -279.2580871582 2.6399524212
             -0.0589510612]];
x_ref = [[-118.8659896851 -117.6189079322 -116.3443986401 -115.0894548615 -113.8398903089
             -112.5902097496 -111.3404802815 -110.0908663036]
             [-107.7979278564 -109.0278926591 -110.2609122111 -111.5129889886
             -112.5257863723 -112.732654947 -112.1001965959 -110.838712406]
             [-105.1333694458 -106.981167508 -109.2363797825 -111.7127167103
             -114.1350070495 -116.2374093615 -117.788222854 -119.0386893601]];
vx_ref = [[2.7745697498 2.559650268 2.5223251016 2.5003033178 2.4991868706 2.4994651319
             2.4994065144 2.4990012395]
             [-2.4261572361 -2.463015792 -2.4994842173 -2.5103652676 -1.2394142581
             0.3999269442 1.9898221088 3.0210728046]
             [-4.2029027939 -4.1592035265 -4.8244808923 -4.9846403196 -4.6143262269
             -3.6793240305 -2.5382223096 -2.5195221979]];
y_ref = [[-289.0243225098 -286.8177563645 -284.6476438555 -282.4854454988 -280.3201306499
             -278.1548827431 -275.9896630646 -273.824376732]
             [-262.8705444336 -264.977340073 -267.1164269988 -269.2790101948
             -271.5540077581 -274.0329700983 -276.4402363116 -278.5910682659]
             [-279.2580871582 -277.5838092533 -276.5535030913 -276.3082313116
             -276.8793085352 -278.2102188379 -280.1569198498 -282.3216992141]];
vy_ref = [[4.2406945229 4.3339695218 4.3171606505 4.3299518841 4.3305963776
             4.3304357811 4.3304696138 4.3307035]
             [-4.2329969406 -4.2799156569 -4.3278677963 -4.3241260647 -4.8439500717
             -4.9839801805 -4.5870042485 -3.9841083205]
             [2.6399524212 2.7415711064 1.3123841392 -0.3916131819 -1.9256150893
             -3.3856424322 -4.3078332729 -4.3187970425]];
min_acc_x = [[-4.235285759 -4.2147908211 -3.5526323318 -2.3496179581 -1.9594371319
             -2.4414918423 -2.5518517494 -2.2737150192 -2.2737150192 -2.551851511
             -2.4414920807 -1.9594371319 -2.3496179581 -3.552631855 -4.2147908211
             -4.235285759]
             [-4.235285759 -4.2147908211 -3.5526323318 -2.3496179581 -1.9594371319
             -2.4414918423 -2.5518517494 -2.2737150192 -2.2737150192 -2.551851511
             -2.4414920807 -1.9594371319 -2.3496179581 -3.552631855 -4.2147908211
             -4.235285759]
             [-4.235285759 -4.2147908211 -3.5526323318 -2.3496179581 -1.9594371319
             -2.4414918423 -2.5518517494 -2.2737150192 -2.2737150192 -2.551851511
             -2.4414920807 -1.9594371319 -2.3496179581 -3.552631855 -4.2147908211
             -4.235285759]];
max_acc_x = [[2.2737150192 2.551851511 2.4414918423 1.9594371319 2.3496177197
             3.5526323318 4.2147908211 4.235285759 4.235285759 4.2147908211
             3.5526328087 2.3496179581 1.9594372511 2.4414916039 2.5518517494
             2.2737150192]
             [2.2737150192 2.551851511 2.4414918423 1.9594371319 2.3496177197
             3.5526323318 4.2147908211 4.235285759 4.235285759 4.2147908211
             3.5526328087 2.3496179581 1.9594372511 2.4414916039 2.5518517494
             2.2737150192]
             [2.2737150192 2.551851511 2.4414918423 1.9594371319 2.3496177197
             3.5526323318 4.2147908211 4.235285759 4.235285759 4.2147908211
             3.5526328087 2.3496179581 1.9594372511 2.4414916039 2.5518517494
             2.2737150192]];
min_acc_y = [[-2.3496177197 -3.5526323318 -4.2147908211 -4.235285759 -4.235285759
             -4.2147908211 -3.5526323318 -2.3496177197 -1.9594370127 -2.4414918423
             -2.5518517494 -2.2737150192 -2.2737152576 -2.551851511 -2.4414920807
             -1.9594370127]
             [-2.3496177197 -3.5526323318 -4.2147908211 -4.235285759 -4.235285759
             -4.2147908211 -3.5526323318 -2.3496177197 -1.9594370127 -2.4414918423
             -2.5518517494 -2.2737150192 -2.2737152576 -2.551851511 -2.4414920807
             -1.9594370127]
             [-2.3496177197 -3.5526323318 -4.2147908211 -4.235285759 -4.235285759
             -4.2147908211 -3.5526323318 -2.3496177197 -1.9594370127 -2.4414918423
             -2.5518517494 -2.2737150192 -2.2737152576 -2.551851511 -2.4414920807
             -1.9594370127]];
max_acc_y = [[1.9594371319 2.4414918423 2.551851511 2.2737150192 2.2737150192
             2.5518517494 2.4414918423 1.9594371319 2.3496174812 3.5526323318
             4.2147903442 4.235285759 4.235285759 4.2147908211 3.5526325703
             2.3496174812]
             [1.9594371319 2.4414918423 2.551851511 2.2737150192 2.2737150192
             2.5518517494 2.4414918423 1.9594371319 2.3496174812 3.5526323318
             4.2147903442 4.235285759 4.235285759 4.2147908211 3.5526325703
             2.3496174812]
             [1.9594371319 2.4414918423 2.551851511 2.2737150192 2.2737150192
             2.5518517494 2.4414918423 1.9594371319 2.3496174812 3.5526323318
             4.2147903442 4.235285759 4.235285759 4.2147908211 3.5526325703
             2.3496174812]];
min_jerk_x = [[-3.2154819965 -3.2722072601 -2.8307681084 -1.9583704472 -1.9583703279
             -2.8307681084 -3.2722072601 -3.215482235 -3.215482235 -3.2722070217
             -2.8307685852 -1.9583704472 -1.9583705664 -2.8307676315 -3.2722072601
             -3.215482235]
             [-3.2154819965 -3.2722072601 -2.8307681084 -1.9583704472 -1.9583703279
             -2.8307681084 -3.2722072601 -3.215482235 -3.215482235 -3.2722070217
             -2.8307685852 -1.9583704472 -1.9583705664 -2.8307676315 -3.2722072601
             -3.215482235]
             [-3.2154819965 -3.2722072601 -2.8307681084 -1.9583704472 -1.9583703279
             -2.8307681084 -3.2722072601 -3.215482235 -3.215482235 -3.2722070217
             -2.8307685852 -1.9583704472 -1.9583705664 -2.8307676315 -3.2722072601
             -3.215482235]];
max_jerk_x = [[3.2154819965 3.2722072601 2.8307681084 1.9583704472 1.9583703279
             2.8307681084 3.2722072601 3.215482235 3.215482235 3.2722070217
             2.8307685852 1.9583704472 1.9583705664 2.8307676315 3.2722072601
             3.215482235]
             [3.2154819965 3.2722072601 2.8307681084 1.9583704472 1.9583703279
             2.8307681084 3.2722072601 3.215482235 3.215482235 3.2722070217
             2.8307685852 1.9583704472 1.9583705664 2.8307676315 3.2722072601
             3.215482235]
             [3.2154819965 3.2722072601 2.8307681084 1.9583704472 1.9583703279
             2.8307681084 3.2722072601 3.215482235 3.215482235 3.2722070217
             2.8307685852 1.9583704472 1.9583705664 2.8307676315 3.2722072601
             3.215482235]];
min_jerk_y = [[-1.9583703279 -2.8307681084 -3.2722072601 -3.215482235 -3.2154819965
             -3.2722072601 -2.8307681084 -1.9583704472 -1.9583702087 -2.8307681084
             -3.2722070217 -3.215482235 -3.215482235 -3.2722072601 -2.8307681084
             -1.9583702087]
             [-1.9583703279 -2.8307681084 -3.2722072601 -3.215482235 -3.2154819965
             -3.2722072601 -2.8307681084 -1.9583704472 -1.9583702087 -2.8307681084
             -3.2722070217 -3.215482235 -3.215482235 -3.2722072601 -2.8307681084
             -1.9583702087]
             [-1.9583703279 -2.8307681084 -3.2722072601 -3.215482235 -3.2154819965
             -3.2722072601 -2.8307681084 -1.9583704472 -1.9583702087 -2.8307681084
             -3.2722070217 -3.215482235 -3.215482235 -3.2722072601 -2.8307681084
             -1.9583702087]];
max_jerk_y = [[1.9583703279 2.8307681084 3.2722072601 3.215482235 3.2154819965
             3.2722072601 2.8307681084 1.9583704472 1.9583702087 2.8307681084
             3.2722070217 3.215482235 3.215482235 3.2722072601 2.8307681084
             1.9583702087]
             [1.9583703279 2.8307681084 3.2722072601 3.215482235 3.2154819965
             3.2722072601 2.8307681084 1.9583704472 1.9583702087 2.8307681084
             3.2722070217 3.215482235 3.215482235 3.2722072601 2.8307681084
             1.9583702087]
             [1.9583703279 2.8307681084 3.2722072601 3.215482235 3.2154819965
             3.2722072601 2.8307681084 1.9583704472 1.9583702087 2.8307681084
             3.2722070217 3.215482235 3.215482235 3.2722072601 2.8307681084
             1.9583702087]];
initial_region = [3 11 7];
possible_region = [[0 1 1 1 0 0 0 0 0 0 0 0 0 0 0 0]
             [0 0 0 0 0 0 0 0 0 1 1 1 1 1 1 1]
             [0 0 0 0 0 1 1 1 1 1 1 1 0 0 0 0]];
ObstacleConvexPolygon = [];
MultiEnvironmentConvexPolygon = [{<1 -117.984694537 -289.0088747796 -122.3156612763
                 -286.1900101977> <2 -122.3156612763 -286.1900101977 -130.1018897336
                 -298.977829893> <3 -130.1018897336 -298.977829893 -133.2131102195
                 -314.0576457091> <4 -133.2131102195 -314.0576457091 -117.984694537
                 -289.0088747796>} {
            <1 -115.5957378522 -285.0789891601 -118.4571714814 -279.5214440978>
             <2 -118.4571714814 -279.5214440978 -122.3259188368 -286.2072674019>
             <3 -122.3259188368 -286.2072674019 -117.9951045286 -289.0260282592>
             <4 -117.9951045286 -289.0260282592 -115.5957378522 -285.0789891601>}
             {<1 -118.4691125814 -279.5420025162 -115.609665148 -285.0956637467>
             <2 -115.609665148 -285.0956637467 -113.9232384889 -283.3176968196>
             <3 -113.9232384889 -283.3176968196 -117.3582209819 -277.6222795814>
             <4 -117.3582209819 -277.6222795814 -118.4691125814 -279.5420025162>}
             {<1 -112.3873898039 -282.5250268643 -107.1195877267 -275.5076856978>
             <2 -107.1195877267 -275.5076856978 -107.6890109385 -273.0765077812>
             <3 -107.6890109385 -273.0765077812 -112.6260516445 -269.4443211834>
             <4 -112.6260516445 -269.4443211834 -117.3696927136 -277.642027349>
             <5 -117.3696927136 -277.642027349 -113.9394923639 -283.3295078113>
             <6 -113.9394923639 -283.3295078113 -112.3873898039 -282.5250268643>}
             {<1 -112.4008437813 -282.5276965027 -108.9283758001 -282.2834132768>
             <2 -108.9283758001 -282.2834132768 -108.990075053 -278.2800703624>
             <3 -108.990075053 -278.2800703624 -115.4307242808 -274.2536930827>
             <4 -115.4307242808 -274.2536930827 -112.4008437813 -282.5276965027>}
             {<1 -108.9484366395 -282.2811928648 -107.2300018035 -282.9034645926>
             <2 -107.2300018035 -282.9034645926 -100.7432490148 -281.5994863077>
             <3 -100.7432490148 -281.5994863077 -105.7487532455 -277.3915024849>
             <4 -105.7487532455 -277.3915024849 -109.0101286796 -278.2780904791>
             <5 -109.0101286796 -278.2780904791 -108.9484366395 -282.2811928648>}
             {<1 -91.7441634377 -293.2469863483 -75.4496000733 -302.5171187025>
             <2 -75.4496000733 -302.5171187025 -86.3693519443 -290.3546749718>
             <3 -86.3693519443 -290.3546749718 -95.2419532283 -284.8710628256>
             <4 -95.2419532283 -284.8710628256 -100.7638264517 -281.583170812>
             <5 -100.7638264517 -281.583170812 -107.2548441928 -282.8880314096>
             <6 -107.2548441928 -282.8880314096 -91.7441634377 -293.2469863483>}
             {<1 -109.0027409855 -278.2954342695 -108.3739315216 -278.3852996668>
             <2 -108.3739315216 -278.3852996668 -105.7353620914 -277.4073470565>
             <3 -105.7353620914 -277.4073470565 -107.1272963951 -275.4926490613>
             <4 -107.1272963951 -275.4926490613 -111.0238431998 -277.4292434288>
             <5 -111.0238431998 -277.4292434288 -109.0027409855 -278.2954342695>}
             {<1 -112.6361749263 -269.461740426 -107.6917721017 -273.0993306567>
             <2 -107.6917721017 -273.0993306567 -106.9628778038 -270.1160025901>
             <3 -106.9628778038 -270.1160025901 -109.7527737755 -264.4788233632>
             <4 -109.7527737755 -264.4788233632 -112.6361749263 -269.461740426>}
             {<1 -90.9150938293 -241.3658771891 -106.9459707222 -259.6282099135>
             <2 -106.9459707222 -259.6282099135 -109.7648186167 -264.499620699>
             <3 -109.7648186167 -264.499620699 -106.9740032234 -270.1386688596>
             <4 -106.9740032234 -270.1386688596 -90.9150938293 -241.3658771891>}
             {<1 -100.7714366076 -281.6019415883 -95.2052298026 -284.9069648888>
             <2 -95.2052298026 -284.9069648888 -105.7907992874 -277.3719104295>
             <3 -105.7907992874 -277.3719104295 -100.7714366076 -281.6019415883>}];
obstacle_is_soft = [];
fraction_parameters = [[20 0 18.4775906502 7.6536686473]
             [18.4775906502 7.6536686473 14.1421356237 14.1421356237]
             [14.1421356237 14.1421356237 7.6536686473 18.4775906502]
             [7.6536686473 18.4775906502 0 20]
             [0 20 -7.6536686473 18.4775906502]
             [-7.6536686473 18.4775906502 -14.1421356237 14.1421356237]
             [-14.1421356237 14.1421356237 -18.4775906502 7.6536686473]
             [-18.4775906502 7.6536686473 -20 0]
             [-20 0 -18.4775906502 -7.6536686473]
             [-18.4775906502 -7.6536686473 -14.1421356237 -14.1421356237]
             [-14.1421356237 -14.1421356237 -7.6536686473 -18.4775906502]
             [-7.6536686473 -18.4775906502 0 -20]
             [0 -20 7.6536686473 -18.4775906502]
             [7.6536686473 -18.4775906502 14.1421356237 -14.1421356237]
             [14.1421356237 -14.1421356237 18.4775906502 -7.6536686473]
             [18.4775906502 -7.6536686473 20 0]];
minimum_region_change_speed = 2;
POLY_SINT_UB = [[0.3485088757 -0.0171754438 0.0568795098]
             [0.7094052441 -0.0277909823 0.0304925194]
             [0.9270720937 -0.0200486418 0.0093003762]
             [1.0037509353 -0.0107179457 0.0012490647]
             [1.0037509353 0.0107179457 0.0012490647]
             [0.9270720937 0.0200486418 0.0093003762]
             [0.7094052441 0.0277909823 0.0304925194]
             [0.3503299851 0.0172664993 0.0564849361]
             [0.005 0 0.0455960753]
             [-0.3885537488 -0.0178926524 0.033570304]
             [-0.7027110651 -0.0194042753 0.0187999914]
             [-0.9267320781 -0.0121602736 0.0034133961]
             [-0.9267320781 0.0121602736 0.0034133961]
             [-0.7027110651 0.0194042753 0.0187999914]
             [-0.3885537488 0.0178926524 0.033570304]
             [0.005 0 0.0455960753]];
POLY_SINT_LB = [[-0.005 0 0.0455960753]
             [0.3885537488 -0.0178926524 0.033570304]
             [0.7027110651 -0.0194042753 0.0187999914]
             [0.9267320781 -0.0121602736 0.0034133961]
             [0.9267320781 0.0121602736 0.0034133961]
             [0.7027110651 0.0194042753 0.0187999914]
             [0.3885537488 0.0178926524 0.033570304]
             [-0.005 0 0.0455960753]
             [-0.3503299851 -0.0172664993 0.0564849361]
             [-0.7094052163 -0.02779103 0.0304925949]
             [-0.9270720937 -0.0200486418 0.0093003762]
             [-1.0037509353 -0.0107179457 0.0012490647]
             [-1.0037509353 0.0107179457 0.0012490647]
             [-0.9270720937 0.0200486418 0.0093003762]
             [-0.7094052163 0.02779103 0.0304925949]
             [-0.3503299851 0.0172664993 0.0564849361]];
POLY_COSS_UB = [[1.005 0.0011166689 -0.0104381755]
             [0.9270720937 0.0093003762 -0.0200486418]
             [0.7094052433 0.0304925215 -0.0277909836]
             [0.3503299851 0.0564849361 -0.0172664993]
             [0.005 0.0455960753 0]
             [-0.3885537488 0.033570304 0.0178926524]
             [-0.7027110651 0.0187999914 0.0194042753]
             [-0.9267320781 0.0034133961 0.0121602736]
             [-0.9267320781 0.0034133961 -0.0121602736]
             [-0.7027110651 0.0187999914 -0.0194042753]
             [-0.3885537488 0.033570304 -0.0178926524]
             [0.005 0.0455960753 0]
             [0.3503299851 0.0564849361 0.0172664993]
             [0.7094052433 0.0304925215 0.0277909836]
             [0.9270720937 0.0093003762 0.0200486418]
             [1.0037509353 0.0012490647 0.0107179458]];
POLY_COSS_LB = [[0.9267320781 0.0034133961 -0.0121602736]
             [0.7027110651 0.0187999914 -0.0194042753]
             [0.3885537488 0.033570304 -0.0178926524]
             [-0.005 0.0455960753 0]
             [-0.3503299851 0.0564849361 0.0172664993]
             [-0.709405217 0.0304925928 0.0277910287]
             [-0.9270720937 0.0093003762 0.0200486418]
             [-1.0037509353 0.0012490647 0.0107179457]
             [-1.0037509353 0.0012490647 -0.0107179457]
             [-0.9270720937 0.0093003762 -0.0200486418]
             [-0.709405217 0.0304925928 -0.0277910287]
             [-0.3503299851 0.0564849361 -0.0172664993]
             [-0.005 0.0455960753 0]
             [0.3885537488 0.033570304 0.0178926524]
             [0.7027110651 0.0187999914 0.0194042753]
             [0.9267320781 0.0034133961 0.0121602736]];
POLY_KAPPA_AX_MAX = [[-1.0375776307 0.6194440901 0.1764128228]
             [-1.2093671829 0.4943636545 0.6032638844]
             [-1.3874688217 -0.0393005169 1.2031062942]
             [-1.5607056259 -1.5711859881 1.9536660121]
             [-1.5607056259 1.5711859881 1.9536660121]
             [-1.4353715632 0.0450918221 1.2259116073]
             [-1.2034319878 -0.492919775 0.602427371]
             [-1.0494190053 -0.6193158781 0.1898106677]
             [-1.0375776307 -0.6194440901 -0.1764128228]
             [-1.2064883157 -0.4965397052 -0.5977159427]
             [-1.401025705 0.0310371685 -1.2034279459]
             [-1.5607056259 1.5711859881 -1.9536660121]
             [-1.5607056259 -1.5711859881 -1.9536660121]
             [-1.4230895105 -0.0557031606 -1.2275555169]
             [-1.2064517266 0.4911336147 -0.6073594203]
             [-1.0494190053 0.6193158781 -0.1898106677]];
POLY_KAPPA_AX_MIN = [[1.7276230307 -0.812930492 -0.2356072691]
             [1.9490696423 -0.6362173513 -0.7787950934]
             [2.220231287 0.0419180833 -1.5354466967]
             [2.3670480632 2.7301496975 -2.7039549337]
             [2.3670480632 -2.7301496975 -2.7039549337]
             [2.2269800847 -0.0642767879 -1.551382294]
             [1.9526529262 0.6311522139 -0.7893085665]
             [1.7473218738 0.8133807181 -0.2494662464]
             [1.7276230307 0.812930492 0.2356072691]
             [1.9492589741 0.6365131603 0.7783509103]
             [2.2176112171 -0.0401163814 1.5335223019]
             [2.3670480632 -2.7301496975 2.7039549337]
             [2.3670480632 2.7301496975 2.7039549337]
             [2.2309428799 0.0672354394 1.5544376567]
             [1.9526285125 -0.631006726 0.7895562996]
             [1.7473218738 -0.8133807181 0.2494662464]];