u_x= [[-1.4755e-7 -9.8444e-8 -5.8175e-8 -2.6295e-8 -2.1657e-9 1.5001e-8 2.6099e-8
         3.2092e-8 3.3968e-8 3.2704e-8 2.9235e-8 2.442e-8 1.9023e-8 1.3689e-8
         8.9248e-9 5.0854e-9 2.3598e-9 7.5805e-10 9.9212e-11 0]];
u_y= [[-0.61586 -0.49917 -0.38784 -0.28136 -0.17914 -0.080684 0.014167 0.10499 0.19055
         0.26848 0.33512 0.38525 0.41188 0.40619 0.35735 0.22628 0.097256 0.029291
         0.0036965 0]];
pos_x= [[0 1 2 3 4 5 6 7 8 9 10 11 12 13 14 15 16 17 18 19]];
vel_x= [[5 5 5 5 5 5 5 5 5 5 5 5 5 5 5 5 5 5 5 5]];
acc_x= [[0 -2.9511e-8 -4.9199e-8 -6.0834e-8 -6.6094e-8 -6.6527e-8 -6.3527e-8 -5.8307e-8
         -5.1888e-8 -4.5095e-8 -3.8554e-8 -3.2707e-8 -2.7823e-8 -2.4018e-8
         -2.128e-8 -1.9495e-8 -1.8478e-8 -1.8006e-8 -1.7855e-8 -1.7835e-8]];
pos_y= [[0 0.019179 0.033586 0.039222 0.032977 0.012594 -0.023365 -0.075549 -0.14385
         -0.22744 -0.3248 -0.4338 -0.55177 -0.67568 -0.80226 -0.92832 -1.0511
         -1.1688 -1.2806 -1.3862]];
vel_y= [[0.1 0.087683 0.053065 0.00070665 -0.065036 -0.13999 -0.22014 -0.30162 -0.38071
         -0.4539 -0.5179 -0.56983 -0.60736 -0.62894 -0.63416 -0.62411 -0.60239
         -0.57419 -0.54347 -0.51209]];
acc_y= [[0 -0.12317 -0.22301 -0.30057 -0.35685 -0.39267 -0.40881 -0.40598 -0.38498
         -0.34687 -0.29317 -0.22615 -0.1491 -0.066723 0.014515 0.085985 0.13124
         0.15069 0.15655 0.15729]];
pos_x_front_LB= [[2.7994 3.7458 4.7463 5.7472 6.7462 7.745 8.7438 9.7425 10.741 11.74 12.739
         13.738 14.738 15.737 16.737 17.737 18.738 19.738 20.739 21.739]];
pos_y_front_LB= [[0.055989 0.017216 0.026871 0.025319 -0.38145 -0.41375 -0.46246 -0.5276 -0.60849
         -0.70371 -0.81125 -0.92851 -1.0525 -1.1798 -1.3072 -1.4317 -1.551
         -1.6643 -1.7712 -1.8717]];
pos_x_front_UB= [[2.7994 3.8165 4.817 5.8178 6.8166 7.8155 8.8142 9.813 10.812 11.811 12.81
         13.809 14.808 15.808 16.808 17.808 18.808 19.809 20.809 21.81]];
pos_y_front_UB= [[0.055989 0.43241 0.44113 0.43816 0.038049 0.0073762 -0.039585 -0.10296 -0.18212
         -0.27575 -0.3819 -0.49802 -0.62115 -0.74802 -0.87531 -1 -1.1198 -1.2337
         -1.3412 -1.4425]];
region_change_not_allowed_x_positive= [[0 0 0 0 0 0 0 0 0 0 0 0 0 0 0 0 0 0 0 0]];
region_change_not_allowed_y_positive= [[0 1 1 1 1 1 1 1 1 1 1 1 1 1 1 1 1 1 1 1]];
region_change_not_allowed_x_negative= [[0 1 1 1 1 1 1 1 1 1 1 1 1 1 1 1 1 1 1 1]];
region_change_not_allowed_y_negative= [[0 1 1 1 1 1 1 1 1 1 1 1 1 1 1 1 1 1 1 1]];
region_change_not_allowed_combined= [[0 0 0 0 0 0 0 0 0 0 0 0 0 0 0 0 0 0 0 0]];
notWithinEnvironmentRear= [[[0 0 0 0 0 0 0 0 0 0 0 0 0 0 0 0 0 0 0 0]]];
notWithinEnvironmentFrontUbUb= [[[0 0 0 0 0 0 0 0 0 0 0 0 0 0 0 0 0 0 0 0]]];
notWithinEnvironmentFrontLbUb= [[[0 0 0 0 0 0 0 0 0 0 0 0 0 0 0 0 0 0 0 0]]];
notWithinEnvironmentFrontUbLb= [[[0 0 0 0 0 0 0 0 0 0 0 0 0 0 0 0 0 0 0 0]]];
notWithinEnvironmentFrontLbLb= [[[0 0 0 0 0 0 0 0 0 0 0 0 0 0 0 0 0 0 0 0]]];
active_region= [[[1 0 0 0 0 0 0 0 0 0 0 0 0 0 0 0 0 0 0 0 0 0 0 0 0 0 0 0 0 0 0 0]
             [1 0 0 0 0 0 0 0 0 0 0 0 0 0 0 0 0 0 0 0 0 0 0 0 0 0 0 0 0 0 0
             0]
             [1 0 0 0 0 0 0 0 0 0 0 0 0 0 0 0 0 0 0 0 0 0 0 0 0 0 0 0 0 0 0
             0]
             [1 0 0 0 0 0 0 0 0 0 0 0 0 0 0 0 0 0 0 0 0 0 0 0 0 0 0 0 0 0 0
             0]
             [0 0 0 0 0 0 0 0 0 0 0 0 0 0 0 0 0 0 0 0 0 0 0 0 0 0 0 0 0 0 0
             1]
             [0 0 0 0 0 0 0 0 0 0 0 0 0 0 0 0 0 0 0 0 0 0 0 0 0 0 0 0 0 0 0
             1]
             [0 0 0 0 0 0 0 0 0 0 0 0 0 0 0 0 0 0 0 0 0 0 0 0 0 0 0 0 0 0 0
             1]
             [0 0 0 0 0 0 0 0 0 0 0 0 0 0 0 0 0 0 0 0 0 0 0 0 0 0 0 0 0 0 0
             1]
             [0 0 0 0 0 0 0 0 0 0 0 0 0 0 0 0 0 0 0 0 0 0 0 0 0 0 0 0 0 0 0
             1]
             [0 0 0 0 0 0 0 0 0 0 0 0 0 0 0 0 0 0 0 0 0 0 0 0 0 0 0 0 0 0 0
             1]
             [0 0 0 0 0 0 0 0 0 0 0 0 0 0 0 0 0 0 0 0 0 0 0 0 0 0 0 0 0 0 0
             1]
             [0 0 0 0 0 0 0 0 0 0 0 0 0 0 0 0 0 0 0 0 0 0 0 0 0 0 0 0 0 0 0
             1]
             [0 0 0 0 0 0 0 0 0 0 0 0 0 0 0 0 0 0 0 0 0 0 0 0 0 0 0 0 0 0 0
             1]
             [0 0 0 0 0 0 0 0 0 0 0 0 0 0 0 0 0 0 0 0 0 0 0 0 0 0 0 0 0 0 0
             1]
             [0 0 0 0 0 0 0 0 0 0 0 0 0 0 0 0 0 0 0 0 0 0 0 0 0 0 0 0 0 0 0
             1]
             [0 0 0 0 0 0 0 0 0 0 0 0 0 0 0 0 0 0 0 0 0 0 0 0 0 0 0 0 0 0 0
             1]
             [0 0 0 0 0 0 0 0 0 0 0 0 0 0 0 0 0 0 0 0 0 0 0 0 0 0 0 0 0 0 0
             1]
             [0 0 0 0 0 0 0 0 0 0 0 0 0 0 0 0 0 0 0 0 0 0 0 0 0 0 0 0 0 0 0
             1]
             [0 0 0 0 0 0 0 0 0 0 0 0 0 0 0 0 0 0 0 0 0 0 0 0 0 0 0 0 0 0 0
             1]
             [0 0 0 0 0 0 0 0 0 0 0 0 0 0 0 0 0 0 0 0 0 0 0 0 0 0 0 0 0 0 0
             1]]];
deltacc= [[[[1 1 0 1]
                 [1 1 0 1]
                 [1 1 0 1]
                 [1 1 0 1]
                 [1 1 0 1]
                 [1 1 0 1]
                 [1 1 0 1]
                 [1 1 0 1]
                 [1 1 0 1]
                 [1 1 0 1]
                 [1 1 0 1]
                 [1 1 0 1]
                 [1 1 0 1]
                 [1 1 0 1]
                 [1 1 0 1]
                 [1 1 0 1]
                 [1 1 0 1]
                 [1 1 0 1]
                 [1 1 1 0]
                 [1 1 1 0]]]];
deltacc_front= [[[[[1 1 1 1]
                     [1 1 1 1]
                     [0 0 0 0]
                     [1 1 1 1]]
                 [[1 1 1 1]
                     [1 1 1 1]
                     [0 0 0 0]
                     [1 1 1 1]]
                 [[1 1 1 1]
                     [1 1 1 1]
                     [0 0 0 0]
                     [1 1 1 1]]
                 [[1 1 1 1]
                     [1 1 1 1]
                     [0 0 0 0]
                     [1 1 1 1]]
                 [[1 1 1 1]
                     [1 1 1 1]
                     [0 0 0 0]
                     [1 1 1 1]]
                 [[1 1 1 1]
                     [1 1 1 1]
                     [0 0 0 0]
                     [1 1 1 1]]
                 [[1 1 1 1]
                     [1 1 1 1]
                     [0 0 0 0]
                     [1 1 1 1]]
                 [[1 1 1 1]
                     [1 1 1 1]
                     [0 0 0 0]
                     [1 1 1 1]]
                 [[1 1 1 1]
                     [1 1 1 1]
                     [0 0 0 0]
                     [1 1 1 1]]
                 [[1 1 1 1]
                     [1 1 1 1]
                     [0 0 0 0]
                     [1 1 1 1]]
                 [[1 1 1 1]
                     [1 1 1 1]
                     [0 0 0 0]
                     [1 1 1 1]]
                 [[1 1 1 1]
                     [1 1 1 1]
                     [0 0 0 0]
                     [1 1 1 1]]
                 [[1 1 1 1]
                     [1 1 1 1]
                     [0 0 0 0]
                     [1 1 1 1]]
                 [[1 1 1 1]
                     [1 1 1 1]
                     [0 0 0 0]
                     [1 1 1 1]]
                 [[1 1 1 1]
                     [1 1 1 1]
                     [1 1 0 0]
                     [0 0 1 1]]
                 [[1 1 1 1]
                     [1 1 1 1]
                     [1 1 1 1]
                     [0 0 0 0]]
                 [[1 1 1 1]
                     [1 1 1 1]
                     [1 1 1 1]
                     [0 0 0 0]]
                 [[1 1 1 1]
                     [1 1 1 1]
                     [1 1 1 1]
                     [0 0 0 0]]
                 [[1 1 1 1]
                     [1 1 1 1]
                     [1 1 1 1]
                     [0 0 0 0]]
                 [[1 1 1 1]
                     [1 1 1 1]
                     [1 1 1 1]
                     [0 0 0 0]]]]];
car2car_collision= [];
slackvars= [];
